# ========================================================
# test case: UBKNNLSHHashTables Prediction Performance
# ========================================================
dataFileBase = ../../../data/ml-1m/ml-1m
k = 20
numOfHashTables = 5
numOfHashFunctions = 6
UBKNNLSHHashTablesMaeList =  [0.8598903178884449, 0.8006706324980051, 0.7858316565691859, 0.7814090337473756, 0.7766378739658233, 0.7743446748175347, 0.7733548468524107, 0.7724698223843629, 0.7714160425407799, 0.7709607856669377];
UBKNNLSHHashTablesRuntimeList = [1.4089738962246976, 4.481887278611141, 15.15179456947214, 17.03530283855848, 25.863696689008076, 28.281419236419584, 28.905915233571044, 29.70296806869913, 33.051486693783104, 34.09853620963318];
UBKNNLSHHashTablesCandidateSetList = [137.6406619671165, 294.5894993010887, 451.14803649314416, 534.3384084694605, 741.1190697716719, 887.9880614014053, 968.2280447664161, 1097.2805527840558, 1265.2926588965236, 1329.6660589540602];
UBKNNLSHHashTablesPredictionCoverageList  = [0.9564458735553639, 0.9895637083500481, 0.995544300939992, 0.9971641892511107, 0.9982881123387702, 0.9988370745228485, 0.9990130665834421, 0.9992140492552245, 0.9993720424657312, 0.9994550374062809];
